
1
4
150
152
153
160
162
164
171
175
179
181
185
189
191
193
195
199
204
208
212
217
219
222
224
227
231
234
238
243
246
249
251
253
255
258
261
264
266
268
270
273
275
278
282
285
287
290
292
295
298
304
308
311
314
317
320
322
326
329
332
334
337
342
347
350
352
354
357
362
367
369
371
375
382
384
386
388
394
401
408
415
422
427
434
441
448
454
461
466
472
476
480
486
489
496
500
507
514
521
528
535
542
549
556
563
570
577
584
591
598
605
612
619
626
633
640
647
654
661
664
671
672
679
680
684
688
690
696
703
710
717
724
731
738
742
749
753
755
759
765
768
774
779
786
791
798
803
806
813
818
824
830
837
844
851
858
863
870
874
878
882
886
889
891
895
901
908
913
916
920
923
930
937
942
947
954
961
966
971
978
985
992
999
1003
1010
1017
